22222222222222222222222222222211111111111111111111111111111
222222222222222222222222222222
222222222222222222222222222222
222222222222222222222222222222222222222222222222222222222222
222222222222222222222222222222
222222222222222222222222222222
222222222222222222222222222222222222222222222222222222222222
222222222222222222222222222222
222222222222222222222222222222
222222222222222222222222222222222222222222222222222222222222
222222222222222222222222222222
222222222222222222222222222222
222222222222222222222222222222222222222222222222222222222222
222222222222222222222222222222
222222222222222222222222222222
222222222222222222222222222222222222222222222222222222222222
222222222222222222222222222222
222222222222222222222222222222
222222222222222222222222222222222222222222222222222222222222
222222222222222222222222222222
222222222222222222222222222222
222222222222222222222222222222222222222222222222222222222222
222222222222222222222222222222
222222222222222222222222222222
222222222222222222222222222222222222222222222222222222222222
222222222222222222222222222222
222222222222222222222222222222
222222222222222222222222222222222222222222222222222222222222
222222222222222222222222222222
222222222222222222222222222222
222222222222222222222222222222222222222222222222222222222222
222222222222222222222222222222
222222222222222222222222222222
222222222222222222222222222222222222222222222222222222222222
222222222222222222222222222222
222222222222222222222222222222
222222222222222222222222222222
